15
T0 23 13 18 0 2 0 0 0 2 2 2 2 2 0 2 0 0 2
T1 7 14 15 2 0 1 0 2 2 1 0 1 2 1 1 1 2 1
T2 5 5 15 0 1 0 0 0 2 2 1 1 2 2 1 0 2 0
T3 3 25 14 0 0 0 0 2 2 0 1 0 1 1 2 1 2 2
T4 22 16 14 0 2 0 2 0 0 2 1 2 2 1 2 1 2 1
T5 18 8 10 2 2 2 2 0 0 1 0 1 2 0 0 2 1 2
T6 22 13 8 2 1 2 0 2 1 0 1 2 0 1 2 0 2 0
T7 25 12 3 2 0 1 1 1 0 1 0 0 2 0 0 0 0 0
T8 0 22 7 2 1 1 0 2 1 2 0 0 1 1 1 0 2 2
T9 1 27 6 2 2 2 1 2 2 0 2 1 0 2 1 1 0 2
T10 16 17 5 0 1 2 1 1 0 1 0 1 2 0 0 1 2 1
T11 27 6 5 2 1 1 2 2 0 2 0 1 1 0 0 1 0 2
T12 15 23 4 0 1 0 1 1 2 0 0 0 1 1 1 0 0 2
T13 0 3 4 0 2 2 2 2 1 2 0 2 0 2 0 0 0 2
T14 24 26 0 2 1 0 2 1 2 0 0 2 2 1 2 2 2 0
