20
T0 10 2 36 0 1 2 0 3 2 3 1 4 1 0 3 0 3 2 0 1 2 3 1
T1 28 18 33 1 0 2 3 3 1 0 4 4 1 3 0 1 0 0 4 2 0 1 0
T2 10 35 50 2 2 0 4 3 4 4 0 3 4 4 4 2 4 2 4 0 3 4 1
T3 4 1 29 0 3 4 0 1 1 4 0 3 2 0 4 3 0 1 2 3 1 3 1
T4 14 27 40 3 3 3 1 0 0 2 2 4 2 4 0 4 2 2 3 3 4 4 2
T5 29 29 27 2 1 4 1 0 0 0 3 2 0 0 2 3 3 0 0 3 1 3 3
T6 20 11 36 3 0 4 4 2 0 0 3 0 2 4 3 3 4 3 2 3 3 1 4
T7 14 34 20 1 4 0 0 2 3 3 0 1 3 1 2 2 0 0 2 0 3 2 4
T8 32 30 25 4 4 3 3 4 2 0 1 0 2 4 2 1 3 4 1 1 0 1 4
T9 17 3 35 1 1 4 2 2 0 2 3 2 0 3 2 4 4 4 0 4 3 4 3
T10 9 17 25 0 3 4 0 4 0 4 1 4 3 0 4 3 0 4 1 4 0 4 2
T11 29 15 19 3 0 4 4 0 2 3 2 2 2 4 0 2 2 4 1 2 1 1 2
T12 13 27 21 0 1 2 3 4 3 3 2 1 4 3 2 0 2 3 4 4 2 2 3
T13 23 8 15 3 0 4 0 2 3 4 0 3 4 0 2 2 0 4 2 0 0 4 2
T14 6 3 10 2 0 2 1 2 0 3 0 4 4 4 4 3 4 0 2 4 0 1 3
T15 16 4 6 0 4 4 2 3 0 2 2 1 0 1 1 4 2 2 0 1 0 1 1
T16 37 38 12 1 2 0 3 3 3 3 0 1 4 4 2 4 0 4 1 0 2 4 2
T17 6 6 9 2 0 3 1 4 1 3 3 0 3 0 1 2 0 0 0 2 0 4 3
T18 19 15 4 3 1 4 3 4 3 1 2 1 4 4 1 2 4 1 1 4 4 0 2
T19 8 16 1 1 0 1 1 2 3 4 4 4 3 2 2 3 2 3 1 2 3 2 0
