25
T0 27 16 51 0 4 1 2 4 0 1 0 5 2 2 3 2 1 5 2 1 2 2 1 4 0 0 0 3
T1 36 36 66 4 0 5 0 1 1 5 0 5 2 5 3 0 5 5 3 5 0 3 4 4 1 5 0 0
T2 13 39 53 1 5 0 1 4 4 3 1 0 4 4 0 4 3 4 3 3 1 2 0 5 5 1 0 0
T3 35 18 69 2 0 1 0 0 3 1 5 4 2 4 4 4 5 1 5 4 4 3 2 2 3 5 0 3
T4 18 0 49 4 1 4 0 0 5 5 4 0 2 0 1 1 4 2 5 4 0 0 5 1 4 0 4 2
T5 16 31 48 0 1 4 3 5 0 3 3 1 3 1 4 2 2 0 2 3 5 2 0 4 2 3 0 4
T6 14 18 54 1 5 3 1 5 3 0 5 3 5 2 3 3 3 4 2 3 4 4 1 2 4 4 0 1
T7 48 38 40 0 0 1 5 4 3 5 0 0 1 2 4 4 0 3 1 2 2 3 3 3 2 3 3 0
T8 37 31 32 5 5 0 4 0 1 3 0 0 2 5 2 1 0 0 2 2 1 1 3 2 4 2 0 1
T9 34 26 36 2 2 4 2 2 3 5 1 2 0 4 1 1 4 1 0 4 4 4 1 1 2 4 1 1
T10 4 41 38 2 5 4 4 0 1 2 2 5 4 0 0 3 3 2 2 5 1 3 0 2 3 4 4 5
T11 41 23 40 3 3 0 4 1 4 3 4 2 1 0 0 5 3 4 1 1 5 4 4 0 4 3 4 1
T12 43 41 41 2 0 4 4 1 2 3 4 1 1 3 5 0 0 1 1 4 5 5 3 5 4 1 4 3
T13 21 2 38 1 5 3 5 4 2 3 0 0 4 3 3 0 0 3 2 5 1 1 4 4 3 5 5 4
T14 33 33 23 5 5 4 1 2 0 4 3 0 1 2 4 1 3 0 1 4 0 3 5 5 0 4 1 0
T15 28 23 24 2 3 3 5 5 2 2 1 2 0 2 1 1 2 1 0 3 5 2 0 2 2 2 3 2
T16 28 33 24 1 5 3 4 4 3 3 2 2 4 5 1 4 5 4 3 0 2 5 5 2 2 1 3 0
T17 9 12 16 2 0 1 4 0 5 4 2 1 4 1 5 5 1 0 5 2 0 0 1 2 4 3 2 4
T18 12 1 14 2 3 2 3 0 2 4 3 1 4 3 4 5 1 3 2 5 0 0 1 2 1 1 1 4
T19 12 5 18 1 4 0 2 5 0 1 3 3 1 0 4 3 4 5 0 5 1 1 0 2 2 5 4 3
T20 29 10 8 4 4 5 2 1 4 2 3 2 1 2 0 5 4 5 2 2 2 2 2 0 2 0 1 1
T21 41 33 8 0 1 5 3 4 2 4 2 4 2 3 4 4 3 0 2 2 4 1 2 2 0 0 0 5
T22 15 10 11 0 5 1 5 0 3 4 3 2 4 4 3 1 5 4 2 1 3 1 5 0 0 0 5 5
T23 14 3 6 0 0 0 0 4 0 0 3 0 1 4 4 4 5 1 3 3 2 1 4 1 0 5 0 5
T24 40 13 0 3 0 0 3 2 4 1 0 1 1 5 1 3 4 0 2 0 4 4 3 1 5 5 5 0
