30
T0 13 40 96 0 2 3 0 4 0 0 6 4 4 5 4 6 1 3 0 5 1 5 5 2 6 6 2 3 4 0 2 6 5
T1 39 24 74 2 0 2 1 5 4 3 2 0 1 2 1 2 1 0 0 6 3 2 1 3 6 3 0 3 1 1 5 6 4
T2 11 47 92 3 2 0 2 3 2 5 4 5 4 5 2 2 4 5 1 1 6 0 5 1 3 2 0 3 0 5 6 5 6
T3 32 27 69 0 1 2 0 0 5 3 3 6 3 0 6 2 2 5 1 1 0 3 3 4 1 3 1 4 6 1 3 1 2
T4 22 18 76 4 5 3 0 0 2 1 6 3 1 2 5 4 5 5 0 5 3 0 0 6 5 5 0 0 0 2 5 3 4
T5 2 33 75 0 4 2 5 2 0 5 6 0 6 3 2 2 0 0 1 4 5 6 6 2 0 2 5 5 3 1 3 3 4
T6 19 46 73 0 3 5 3 1 5 0 3 1 1 6 5 3 4 4 2 3 0 1 2 6 0 5 5 1 2 6 5 6 2
T7 2 33 82 6 2 4 3 6 6 3 0 6 3 3 6 0 1 6 6 3 6 0 5 5 2 6 5 3 4 1 0 2 5
T8 54 4 68 4 0 5 6 3 0 1 6 0 4 2 6 3 2 1 2 6 6 5 0 5 6 0 2 0 3 1 3 5 5
T9 36 30 56 4 1 4 3 1 6 1 3 4 0 5 2 4 6 4 5 0 2 3 0 3 1 1 4 3 5 5 3 0 0
T10 48 54 71 5 2 5 0 2 3 6 3 2 5 0 5 5 6 3 3 2 6 1 6 5 3 5 2 0 2 2 6 3 4
T11 22 40 64 4 1 2 6 5 2 5 6 6 2 5 0 2 4 2 6 0 3 4 6 2 4 2 3 5 2 6 4 4 5
T12 35 33 48 6 2 2 2 4 2 3 0 3 4 5 2 0 6 0 5 6 4 3 6 2 1 0 3 0 2 0 2 3 5
T13 57 16 62 1 1 4 2 5 0 4 1 2 6 6 4 6 0 5 6 5 2 1 3 0 4 2 6 4 6 1 4 6 4
T14 48 41 38 3 0 5 5 5 0 4 6 1 4 3 2 0 5 0 1 3 4 0 2 2 6 0 2 2 0 5 6 1 0
T15 1 6 34 0 0 1 1 0 1 2 6 2 5 3 6 5 6 1 0 1 4 1 4 4 1 1 3 0 1 3 6 4 0
T16 33 15 33 5 6 1 1 5 4 3 3 6 0 2 0 6 5 3 1 0 5 3 1 1 4 3 1 0 1 1 2 2 5
T17 58 11 49 1 3 6 0 3 5 0 6 6 2 6 3 4 2 4 4 5 0 5 4 2 4 3 4 3 5 4 6 2 2
T18 16 34 44 5 2 0 3 0 6 1 0 5 3 1 4 3 1 0 1 3 5 0 6 4 2 4 5 2 0 6 6 4 5
T19 17 21 32 5 1 5 3 0 6 2 5 0 0 6 6 6 3 2 4 1 4 6 0 0 3 2 3 6 4 4 3 2 4
T20 55 9 27 2 3 1 4 6 2 6 5 5 3 5 2 2 0 2 4 1 2 4 0 0 1 2 3 0 1 1 6 6 2
T21 44 6 21 6 6 3 1 5 0 0 2 6 1 3 4 1 4 6 1 4 4 2 3 1 0 6 3 3 3 0 3 1 1
T22 45 56 20 6 3 2 3 5 2 5 6 0 1 5 2 0 2 0 1 3 3 4 2 2 6 0 0 0 6 5 5 0 2
T23 5 17 23 2 0 0 1 0 5 5 5 2 4 2 3 3 6 2 3 1 4 5 3 3 3 0 0 2 5 6 3 2 3
T24 3 23 18 3 3 3 4 0 5 1 3 0 3 0 5 0 4 2 0 0 3 2 6 0 3 0 2 0 4 0 6 1 6
T25 17 38 12 4 1 0 6 0 3 2 4 3 5 2 2 2 6 0 1 1 5 0 4 1 3 6 5 4 0 5 4 2 1
T26 14 49 6 0 1 5 1 2 1 6 1 1 5 2 6 0 1 5 3 1 4 6 4 1 0 5 6 0 5 0 0 0 2
T27 59 28 11 2 5 6 3 5 3 5 0 3 3 6 4 2 4 6 6 2 6 6 3 6 3 5 3 6 4 0 0 2 5
T28 57 56 10 6 6 5 1 3 3 6 2 5 0 3 4 3 6 1 4 2 2 4 2 6 1 0 2 1 2 0 2 0 5
T29 45 0 5 5 4 6 2 4 4 2 5 5 0 4 5 5 4 0 0 5 2 5 4 2 1 2 3 6 1 2 5 5 0
