35
T0 41 60 106 0 4 1 4 3 3 4 0 2 5 4 1 5 1 5 4 1 4 7 0 6 7 0 5 7 1 3 3 7 1 0 0 1 1 3
T1 65 33 116 4 0 6 4 1 4 4 1 0 3 6 0 1 1 7 4 5 5 5 3 0 0 7 5 0 7 3 3 2 0 1 4 6 6 7
T2 68 10 126 1 6 0 0 0 1 7 3 4 4 6 2 2 0 7 4 4 5 5 0 3 2 7 4 6 7 3 3 7 6 7 4 2 4 5
T3 31 48 100 4 4 0 0 0 7 7 7 6 5 2 4 1 2 3 5 3 0 3 0 2 2 4 2 5 2 6 5 1 5 2 0 5 3 0
T4 26 22 90 3 1 0 0 0 2 6 0 4 6 5 6 4 1 6 2 0 0 1 1 0 1 5 0 4 4 1 6 5 3 3 1 3 3 5
T5 61 12 112 3 4 1 7 2 0 2 2 6 3 3 5 0 7 4 5 0 4 3 3 5 1 1 3 7 1 0 7 6 0 6 3 5 7 6
T6 33 22 108 4 4 7 7 6 2 0 2 4 4 0 0 1 5 4 0 6 3 5 6 5 2 7 5 5 0 4 6 7 7 3 6 3 1 5
T7 58 33 96 0 1 3 7 0 2 2 0 7 1 3 1 4 6 0 1 7 0 2 2 6 6 4 5 2 4 7 1 1 1 2 4 6 6 3
T8 18 1 94 2 0 4 6 4 6 4 7 0 3 3 0 6 7 4 0 5 7 4 1 1 5 0 2 2 0 1 7 5 6 0 7 6 0 7
T9 26 24 96 5 3 4 5 6 3 4 1 3 0 4 4 0 0 6 6 7 4 5 3 3 3 1 5 3 2 2 3 0 6 2 7 6 7 5
T10 11 12 79 4 6 6 2 5 3 0 3 3 4 0 1 4 5 3 2 1 0 0 3 0 3 1 6 2 6 1 7 2 7 5 1 2 7 4
T11 66 4 79 1 0 2 4 6 5 0 1 0 4 1 0 1 3 4 6 0 4 7 0 6 4 1 2 4 2 3 3 5 5 1 4 2 7 5
T12 57 49 89 5 1 2 1 4 0 1 4 6 0 4 1 0 3 3 3 5 5 4 5 6 1 0 7 4 5 2 5 0 7 3 1 7 7 1
T13 11 20 75 1 1 0 2 1 7 5 6 7 0 5 3 3 0 1 3 1 6 3 3 4 0 5 1 5 6 2 6 2 0 5 0 3 7 7
T14 37 45 73 5 7 7 3 6 4 4 0 4 6 3 4 3 1 0 5 1 1 2 3 5 5 4 2 3 6 6 5 6 0 2 0 0 6 6
T15 42 12 57 4 4 4 5 2 5 0 1 0 6 2 6 3 3 5 0 0 0 4 7 0 6 1 2 0 5 0 1 2 6 1 2 4 7 6
T16 7 3 67 1 5 4 3 0 0 6 7 5 7 1 0 5 1 1 0 0 6 7 6 5 4 5 7 0 0 3 0 1 4 5 4 4 1 4
T17 61 0 69 4 5 5 0 0 4 3 0 7 4 0 4 5 6 1 0 6 0 7 1 6 3 3 0 2 6 5 6 5 4 5 6 6 1 0
T18 23 39 50 7 5 5 3 1 3 5 2 4 5 0 7 4 3 2 4 7 7 0 5 0 0 6 2 2 5 3 2 5 2 6 2 1 2 1
T19 57 39 63 0 3 0 0 1 3 6 2 1 3 3 0 5 3 3 7 6 1 5 0 0 3 7 6 1 1 1 5 2 7 4 5 6 6 3
T20 17 46 51 6 0 3 2 0 5 5 6 1 3 0 6 6 4 5 0 5 6 0 0 0 5 6 0 4 1 2 4 7 4 7 3 2 2 0
T21 5 19 65 7 0 2 2 1 1 2 6 5 3 3 4 1 0 5 6 4 3 0 3 5 0 5 6 6 4 7 7 3 2 5 4 7 1 4
T22 59 17 32 0 7 7 4 5 1 7 4 0 1 1 1 0 5 4 1 5 3 6 7 6 5 0 1 7 6 0 0 1 0 7 1 0 4 5
T23 11 35 50 5 5 4 2 0 3 5 5 2 5 6 2 7 1 2 2 7 0 2 6 0 6 1 0 6 6 5 3 3 4 6 3 5 7 1
T24 12 14 43 7 0 6 5 4 7 5 2 2 3 2 4 4 5 3 0 0 2 2 1 4 6 7 6 0 4 7 5 6 3 6 7 4 0 0
T25 32 65 39 1 7 7 2 4 1 0 4 0 2 6 2 5 6 6 5 0 6 5 1 1 4 6 6 4 0 0 4 5 2 4 5 7 5 7
T26 6 50 32 3 3 3 6 1 0 4 7 1 2 1 3 2 2 6 0 3 5 3 1 2 7 0 5 7 0 0 1 3 4 7 7 6 0 0
T27 0 27 22 3 3 3 5 6 7 6 1 7 3 7 3 5 6 5 1 0 6 2 5 4 7 0 3 5 4 1 0 4 0 4 1 5 1 7
T28 16 30 29 7 2 7 1 5 6 7 1 5 0 2 5 0 2 6 2 1 5 5 2 7 3 1 3 6 5 3 4 0 7 6 3 0 4 6
T29 56 34 23 1 0 6 5 3 0 7 1 6 6 7 5 7 0 0 6 4 4 2 7 4 2 0 4 3 2 4 0 7 0 5 1 4 6 3
T30 44 50 21 0 1 7 2 3 6 3 2 0 2 5 1 3 5 2 1 5 5 6 4 7 5 7 6 6 4 7 4 6 5 0 5 2 6 6
T31 44 52 12 0 4 4 0 1 3 6 4 7 7 1 4 1 0 0 2 4 6 2 5 3 4 1 3 7 5 7 1 3 1 5 0 3 1 1
T32 36 20 15 1 6 2 5 3 5 3 6 6 6 2 2 7 3 0 4 4 6 1 6 2 7 0 5 4 7 6 5 0 4 2 3 0 1 7
T33 33 48 0 1 6 4 3 3 7 1 6 0 7 7 7 7 7 6 7 1 1 2 6 2 1 4 7 0 5 0 1 4 6 6 1 1 0 0
T34 15 57 7 3 7 5 0 5 6 5 3 7 5 4 5 1 7 6 6 4 0 1 3 0 4 5 1 0 7 0 7 6 3 6 1 7 0 0
