40
T0 55 58 170 0 1 5 6 6 5 2 5 6 2 4 2 8 9 2 6 2 5 2 0 3 0 1 9 7 8 1 4 5 5 8 2 1 0 7 9 4 8 4 6
T1 15 68 206 1 0 5 9 2 1 9 4 4 1 3 9 2 5 6 1 2 6 7 0 9 8 8 9 3 9 0 4 4 6 3 7 8 5 3 6 6 9 8 6
T2 68 25 156 5 5 0 9 0 5 1 3 8 6 4 6 2 1 3 3 6 6 1 6 4 9 1 7 5 2 3 4 2 9 5 2 4 4 5 0 1 0 6 8
T3 16 79 169 6 9 9 0 6 4 9 3 2 3 7 1 7 6 2 1 7 3 0 8 2 3 2 5 1 1 8 3 8 7 9 7 7 1 7 3 1 9 3 5
T4 22 61 184 6 2 0 6 0 9 2 2 7 8 3 8 9 8 8 0 4 4 5 4 8 8 2 9 1 3 9 3 4 2 1 0 7 0 5 9 9 3 9 7
T5 52 9 169 5 1 5 4 9 0 5 4 7 3 2 6 4 4 1 7 2 9 5 9 1 0 8 4 7 0 8 8 6 9 0 8 2 7 1 0 8 0 8 8
T6 48 51 161 2 9 1 9 2 5 0 3 0 9 6 4 8 1 0 5 1 8 6 7 2 0 2 4 1 9 1 1 9 9 2 7 0 8 9 6 8 7 8 9
T7 72 63 147 5 4 3 3 2 4 3 0 4 5 7 9 4 7 7 3 8 4 3 3 1 0 6 2 4 6 8 5 5 2 4 0 9 9 4 3 4 5 1 5
T8 51 14 158 6 4 8 2 7 7 0 4 0 1 8 8 5 7 6 8 8 8 3 3 3 4 8 5 6 4 2 9 0 7 5 8 4 3 1 2 7 9 0 3
T9 25 75 134 2 1 6 3 8 3 9 5 1 0 2 7 0 6 0 2 8 1 8 6 0 8 9 6 0 4 8 2 4 3 2 3 8 9 3 4 1 5 5 3
T10 14 36 143 4 3 4 7 3 2 6 7 8 2 0 9 0 7 1 6 8 7 8 3 2 2 1 3 0 3 9 6 5 4 7 7 5 2 8 8 8 4 6 4
T11 1 40 126 2 9 6 1 8 6 4 9 8 7 9 0 5 1 2 1 0 3 4 0 8 5 7 7 5 9 0 8 0 6 3 9 9 1 5 4 6 4 2 4
T12 56 39 135 8 2 2 7 9 4 8 4 5 0 0 5 0 2 4 6 1 8 1 1 4 8 8 5 5 3 5 9 9 6 4 6 5 1 2 5 8 7 4 6
T13 4 78 112 9 5 1 6 8 4 1 7 7 6 7 1 2 0 2 1 1 6 4 1 3 6 1 7 6 3 7 8 6 6 4 2 5 8 1 7 2 0 6 0
T14 78 26 106 2 6 3 2 8 1 0 7 6 0 1 2 4 2 0 8 7 1 7 7 1 2 3 3 7 0 3 0 0 9 5 2 5 8 5 3 3 3 6 4
T15 66 33 110 6 1 3 1 0 7 5 3 8 2 6 1 6 1 8 0 5 3 4 7 5 9 4 8 3 5 4 2 0 7 7 4 9 3 3 0 1 4 0 9
T16 15 60 122 2 2 6 7 4 2 1 8 8 8 8 0 1 1 7 5 0 5 6 4 8 7 6 6 7 5 8 3 6 9 0 2 0 9 9 1 3 8 1 4
T17 60 2 103 5 6 6 3 4 9 8 4 8 1 7 3 8 6 1 3 5 0 6 3 8 0 2 9 1 0 6 7 5 8 4 3 6 8 5 9 3 4 4 1
T18 12 75 117 2 7 1 0 5 5 6 3 3 8 8 4 1 4 7 4 6 6 0 0 0 8 1 9 5 5 8 9 8 9 8 0 8 7 6 6 2 7 7 4
T19 78 19 87 0 0 6 8 4 9 7 3 3 6 3 0 1 1 7 7 4 3 0 0 5 5 5 3 7 4 8 7 3 2 0 0 9 7 1 4 1 8 1 1
T20 25 19 86 3 9 4 2 8 1 2 1 3 0 2 8 4 3 1 5 8 8 0 5 0 2 1 9 9 2 3 5 9 4 5 4 3 7 2 3 4 1 4 8
T21 74 4 89 0 8 9 3 8 0 0 0 4 8 2 5 8 6 2 9 7 0 8 5 2 0 6 5 2 4 9 8 0 5 5 5 2 3 1 5 3 6 9 2
T22 64 34 82 1 8 1 2 2 8 2 6 8 9 1 7 8 1 3 4 6 2 1 5 1 6 0 6 1 0 4 3 9 9 9 0 6 3 2 0 3 6 6 6
T23 20 64 78 9 9 7 5 9 4 4 2 5 6 3 7 5 7 3 8 6 9 9 3 9 5 6 0 4 2 1 8 3 4 7 2 9 9 9 1 2 9 1 1
T24 16 73 92 7 3 5 1 1 7 1 4 6 0 0 5 5 6 7 3 7 1 5 7 9 2 1 4 0 5 3 2 3 9 7 8 4 3 1 8 9 5 9 8
T25 51 14 61 8 9 2 1 3 0 9 6 4 4 3 9 3 3 0 5 5 0 5 4 2 4 0 2 5 0 8 5 4 3 2 7 0 7 2 8 4 0 0 5
T26 41 54 56 1 0 3 8 9 8 1 8 2 8 9 0 5 7 3 4 8 6 8 8 3 9 4 1 3 8 0 2 3 0 9 9 5 6 6 0 3 1 4 8
T27 2 72 50 4 4 4 3 3 8 1 5 9 2 6 8 9 8 0 2 3 7 9 7 5 8 3 8 2 5 2 0 2 7 3 2 2 6 4 9 4 1 1 0
T28 11 73 63 5 4 2 8 4 6 9 5 0 4 5 0 9 6 0 0 6 5 8 3 9 0 9 3 3 4 3 2 0 8 4 4 8 1 8 4 9 6 4 6
T29 18 74 52 5 6 9 7 2 9 9 2 7 3 4 6 6 6 9 7 9 8 9 2 4 5 9 4 9 3 0 7 8 0 8 9 6 4 3 1 0 3 6 7
T30 79 64 49 8 3 5 9 1 0 2 4 5 2 7 3 4 4 5 7 0 4 8 0 5 5 9 7 7 2 9 3 4 8 0 6 3 0 7 6 9 3 2 4
T31 23 53 41 2 7 2 7 0 8 7 0 8 3 7 9 6 2 2 4 2 3 0 0 4 5 0 2 8 7 9 2 4 9 6 0 8 2 3 0 2 3 9 9
T32 20 18 35 1 8 4 7 7 2 0 9 4 8 5 9 5 5 5 9 0 6 8 9 3 2 6 9 4 0 5 2 8 6 3 8 0 4 4 5 1 7 4 7
T33 9 70 26 0 5 4 1 0 7 8 9 3 9 2 1 1 8 8 3 9 8 7 7 7 3 3 9 3 7 6 6 1 4 0 2 4 0 3 5 0 6 0 4
T34 11 7 30 7 3 5 7 5 1 9 4 1 3 8 5 2 1 5 3 9 5 6 1 2 1 2 9 1 2 6 4 8 3 7 3 4 3 0 8 8 1 6 3
T35 6 47 19 9 6 0 3 9 0 6 3 2 4 8 4 5 7 3 0 1 9 6 4 3 5 0 1 8 8 0 9 4 1 6 0 5 5 8 0 1 2 9 5
T36 25 61 13 4 6 1 1 9 8 8 4 7 1 8 6 8 2 3 1 3 3 2 1 4 3 3 2 9 4 3 4 9 0 9 2 1 0 8 1 0 2 6 3
T37 24 0 19 8 9 0 9 3 0 7 5 9 5 4 4 7 0 3 4 8 4 7 8 1 6 6 9 5 0 1 1 6 3 3 3 7 6 1 2 2 0 4 9
T38 11 38 13 4 8 6 3 9 8 8 1 0 5 6 2 4 6 6 0 1 4 7 1 4 9 6 1 9 0 4 1 4 6 2 9 4 0 6 9 6 4 0 6
T39 24 38 2 6 6 8 5 7 8 9 5 3 3 4 4 6 0 4 9 4 1 4 1 8 2 6 1 8 5 8 0 6 7 4 9 7 4 3 5 3 9 6 0
