45
T0 67 83 239 0 5 4 2 9 4 7 0 8 9 3 1 6 5 9 8 3 9 9 3 8 1 8 1 6 4 4 6 8 7 0 4 10 0 6 5 1 0 9 9 8 9 9 3 0
T1 7 26 218 5 0 6 10 0 9 0 2 2 10 9 4 5 6 9 4 7 6 2 7 7 2 4 7 6 0 8 9 7 4 7 0 1 3 2 7 8 3 2 10 4 8 1 9 0
T2 44 59 212 4 6 0 8 2 4 3 6 10 0 6 2 1 8 10 1 5 2 3 4 0 2 7 9 4 8 1 7 5 0 8 8 8 8 5 9 0 4 7 5 4 1 9 6 9
T3 89 70 189 2 10 8 0 1 3 8 0 2 1 8 0 1 8 1 9 4 1 7 0 10 5 5 8 6 8 1 10 10 9 0 0 0 9 1 0 10 8 6 6 2 10 8 0 2
T4 71 26 202 9 0 2 1 0 3 1 0 8 0 6 5 2 6 0 9 9 10 2 5 6 9 3 7 3 6 8 10 6 1 6 0 1 9 5 9 6 4 4 4 7 8 0 9 3
T5 48 62 214 4 9 4 3 3 0 6 3 1 9 3 3 6 9 8 4 7 4 3 0 4 6 8 6 10 8 4 8 3 8 5 5 10 9 0 9 10 0 6 2 2 6 1 10 4
T6 2 47 209 7 0 3 8 1 6 0 3 7 5 10 7 0 10 8 7 3 8 10 3 2 0 0 4 9 3 2 7 5 8 4 1 9 6 5 9 6 0 10 5 0 9 5 7 5
T7 0 7 137 0 2 6 0 0 3 3 0 3 8 0 2 6 3 1 9 1 3 2 9 1 0 5 6 3 0 2 0 0 8 0 4 3 9 5 4 4 8 3 0 5 3 8 0 6
T8 86 14 167 8 2 10 2 8 1 7 3 0 2 10 7 10 6 0 5 1 1 9 4 3 4 0 7 7 2 0 9 6 8 1 10 1 2 0 0 0 5 2 10 1 7 10 5 8
T9 21 51 175 9 10 0 1 0 9 5 8 2 0 2 3 3 9 0 3 7 7 6 1 2 8 9 0 1 10 4 1 9 10 5 1 3 9 9 8 3 3 1 9 8 1 2 1 9
T10 31 27 190 3 9 6 8 6 3 10 0 10 2 0 5 9 6 7 2 10 6 5 8 7 2 3 0 5 8 5 1 8 4 9 2 9 3 4 2 0 10 2 9 5 8 5 8 4
T11 61 26 194 1 4 2 0 5 3 7 2 7 3 5 0 5 10 4 3 3 0 2 10 0 0 10 9 2 5 9 7 5 8 10 3 2 2 10 6 5 9 8 10 3 5 9 5 8
T12 37 40 181 6 5 1 1 2 6 0 6 10 3 9 5 0 4 9 0 8 4 7 9 10 10 6 3 10 3 0 8 7 9 10 1 3 8 2 7 0 2 9 6 3 2 7 4 7
T13 15 67 181 5 6 8 8 6 9 10 3 6 9 6 10 4 0 2 9 3 7 10 10 9 9 1 8 4 9 2 10 10 4 0 7 5 10 7 3 7 6 4 4 1 0 10 0 5
T14 68 2 149 9 9 10 1 0 8 8 1 0 0 7 4 9 2 0 5 0 6 9 1 4 5 0 8 8 0 5 3 6 3 1 1 1 4 8 2 9 9 8 7 8 9 10 0 0
T15 60 85 156 8 4 1 9 9 4 7 9 5 3 2 3 0 9 5 0 0 5 4 9 4 4 10 2 9 7 4 8 3 2 8 7 4 1 3 9 3 9 9 9 2 6 1 7 4
T16 19 27 115 3 7 5 4 9 7 3 1 1 7 10 3 8 3 0 0 0 3 0 3 2 3 1 8 6 9 8 7 2 5 5 2 3 2 4 5 8 0 9 3 1 0 5 1 8
T17 45 41 129 9 6 2 1 10 4 8 3 1 7 6 0 4 7 6 5 3 0 7 5 5 8 5 2 3 0 9 2 10 6 3 7 4 5 4 6 8 1 3 3 7 2 2 2 7
T18 59 56 140 9 2 3 7 2 3 10 2 9 6 5 2 7 10 9 4 0 7 0 0 4 7 5 3 10 6 2 3 7 3 5 0 7 8 1 1 10 6 10 9 8 5 9 6 3
T19 78 85 113 3 7 4 0 5 0 3 9 4 1 8 10 9 10 1 9 3 5 0 0 2 6 1 0 3 6 6 8 10 6 4 1 2 0 10 0 7 9 3 7 0 3 0 10 7
T20 75 79 122 8 7 0 10 6 4 2 1 3 2 7 0 10 9 4 4 2 5 4 2 0 4 1 10 9 7 0 7 3 9 6 5 5 4 2 8 5 6 1 6 3 5 7 8 1
T21 28 6 130 1 2 2 5 9 6 0 0 4 8 2 0 10 9 5 4 3 8 7 6 4 0 2 8 4 2 4 8 1 9 8 6 8 3 9 2 3 7 3 9 3 2 10 10 9
T22 57 67 114 8 4 7 5 3 8 0 5 0 9 3 10 6 1 0 10 1 5 5 1 1 2 0 1 2 0 5 9 6 4 3 4 1 10 5 7 8 10 1 9 6 5 2 5 8
T23 54 65 136 1 7 9 8 7 6 4 6 7 0 0 9 3 8 8 2 8 2 3 0 10 8 1 0 5 7 7 5 9 10 5 8 10 9 2 7 6 0 3 4 5 5 4 10 5
T24 65 49 110 6 6 4 6 3 10 9 3 7 1 5 2 10 4 8 9 6 3 10 3 9 4 2 5 0 9 4 2 7 9 5 4 4 7 5 4 5 0 9 8 0 7 1 7 7
T25 22 75 87 4 0 8 8 6 8 3 0 2 10 8 5 3 9 0 7 9 0 6 6 7 2 0 7 9 0 2 3 0 2 6 6 1 0 4 9 3 10 1 7 0 2 8 9 5
T26 71 11 88 4 8 1 1 8 4 2 2 0 4 5 9 0 2 5 4 8 9 2 6 0 4 5 7 4 2 0 4 10 9 7 6 7 3 1 4 4 7 5 3 10 2 3 0 3
T27 1 70 84 6 9 7 10 10 8 7 0 9 1 1 7 8 10 3 8 7 2 3 8 7 8 9 5 2 3 4 0 3 3 6 10 1 4 1 3 10 9 2 7 3 5 1 7 9
T28 50 70 77 8 7 5 10 6 3 5 0 6 9 8 5 7 10 6 3 2 10 7 10 3 1 6 9 7 0 10 3 0 8 3 2 1 5 6 4 4 4 5 8 4 5 2 4 10
T29 35 34 87 7 4 0 9 1 8 8 8 8 10 4 8 9 4 3 2 5 6 3 6 9 9 4 10 9 2 9 3 8 0 3 2 3 1 8 3 10 7 8 7 4 5 10 2 10
T30 74 65 67 0 7 8 0 6 5 4 0 1 5 9 10 10 0 1 8 5 3 5 4 6 8 3 5 5 6 7 6 3 3 0 5 5 10 1 6 4 8 0 2 0 0 9 8 4
T31 24 16 68 4 0 8 0 0 5 1 4 10 1 2 3 1 7 1 7 2 7 0 1 5 6 4 8 4 6 6 10 2 2 5 0 8 3 0 10 4 10 1 7 6 2 5 3 7
T32 79 79 58 10 1 8 0 1 10 9 3 1 3 9 2 3 5 1 4 3 4 7 2 5 8 1 10 4 1 7 1 1 3 5 8 0 3 6 2 5 4 4 9 8 7 1 6 1
T33 20 59 65 0 3 8 9 9 9 6 9 2 9 3 2 8 10 4 1 2 5 8 0 4 3 10 9 7 0 3 4 5 1 10 3 3 0 1 7 1 9 1 3 10 9 6 7 2
T34 57 2 54 6 2 5 1 5 0 5 5 0 9 4 10 2 7 8 3 4 4 1 10 2 9 5 2 5 4 1 1 6 8 1 0 6 1 0 2 3 3 5 5 10 9 6 6 1
T35 15 24 38 5 7 9 0 9 9 9 4 0 8 2 6 7 3 2 9 5 6 1 0 8 2 7 7 4 9 4 3 4 3 6 10 2 7 2 0 3 0 0 2 4 5 5 10 5
T36 37 5 41 1 8 0 10 6 10 6 4 0 3 0 5 0 7 9 3 8 8 10 7 5 3 8 6 5 3 4 10 4 10 4 4 5 1 3 3 0 10 4 4 3 0 8 6 2
T37 22 85 48 0 3 4 8 4 0 0 8 5 3 10 9 2 6 9 9 0 1 6 9 6 7 10 0 0 10 7 9 4 7 8 10 4 9 3 0 10 0 5 10 9 3 9 3 5
T38 19 4 43 9 2 7 6 4 6 10 3 2 1 2 8 9 4 8 9 9 3 10 3 1 3 1 3 9 1 5 2 5 8 0 1 4 1 5 0 4 5 0 6 8 3 5 7 4
T39 43 63 34 9 10 5 6 4 2 5 0 10 9 9 10 6 4 7 9 3 3 9 7 6 9 9 4 8 7 3 7 8 7 2 7 9 3 5 2 4 10 6 0 5 1 8 9 10
T40 51 52 27 8 4 4 2 7 2 0 5 1 8 5 3 3 1 8 2 1 7 8 0 3 3 6 5 0 0 10 3 4 4 0 6 8 10 10 4 3 9 8 5 0 5 9 7 5
T41 51 35 28 9 8 1 10 8 6 9 3 7 1 8 5 2 0 9 6 0 2 5 3 5 2 5 5 7 2 2 5 5 5 0 2 7 9 9 5 0 3 3 1 5 0 8 8 10
T42 0 0 11 9 1 9 8 0 1 5 8 10 2 5 9 7 10 10 1 5 2 9 0 7 10 2 4 1 8 3 1 2 10 9 5 1 6 6 5 8 9 5 8 9 8 0 2 1
T43 85 36 10 3 9 6 0 9 10 7 0 5 1 8 5 4 0 0 7 1 2 6 10 8 10 5 10 7 9 0 7 4 2 8 3 6 7 6 10 6 3 7 9 7 8 2 0 7
T44 11 58 8 0 0 9 2 3 4 5 6 8 9 4 8 7 5 0 4 8 7 3 7 1 9 8 5 7 5 3 9 10 10 4 7 1 2 1 5 2 5 4 10 5 10 1 7 0
